415
102
104
108
110
112
114
116
122
126
130
132
142
144
150
154
160
178
182
188
194
216
236
240
242
250
260
266
270
274
276
346
348
412
448
530
532
580
592
610
616
692
808
812
820
874
892
902
908
960
796
876
932
940
956
972
984
1002
1012
1014
1020
728
822
830
846
848
860
882
924
926
930
946
952
978
980
994
998
1006
1008
564
652
658
668
710
754
764
782
794
806
824
826
828
836
852
854
864
872
910
914
916
920
928
942
970
976
988
990
1016
510
520
542
550
556
572
578
586
632
654
670
678
686
690
700
706
718
736
738
744
752
758
760
768
770
780
804
810
816
896
898
904
918
934
936
986
1004
330
366
372
392
442
460
484
522
526
528
540
566
570
576
594
608
614
618
620
624
634
640
642
656
662
664
674
680
688
696
702
712
714
772
774
776
778
786
792
798
800
802
842
894
900
944
962
964
968
982
992
1010
298
302
318
322
328
362
374
398
408
414
426
430
434
444
446
462
472
480
482
486
498
504
512
514
534
538
544
568
582
588
598
606
626
630
636
638
660
682
724
732
748
750
762
844
850
856
858
866
878
888
912
950
158
196
214
232
234
252
272
284
294
296
306
314
320
334
352
354
358
360
364
370
376
390
406
410
420
422
424
432
452
476
490
492
496
500
536
574
604
644
646
672
676
694
698
704
708
722
734
746
818
870
906
938
136
148
152
162
170
186
192
198
204
210
212
220
244
246
256
258
282
290
292
300
304
308
310
316
324
326
336
342
344
380
388
396
404
436
438
450
456
466
468
470
474
478
488
494
502
518
524
546
552
562
596
628
648
666
726
756
838
886
958
1000
120
124
140
146
156
164
166
168
172
174
176
184
190
200
202
208
218
222
226
228
230
238
262
264
268
278
280
286
312
332
338
340
350
356
368
382
384
394
400
418
428
454
464
590
600
650
720
742
766
814
832
834
840
922
954








