208
102
104
106
108
110
112
114
116
118
120
124
128
130
132
134
136
138
140
142
144
146
148
150
152
154
156
158
160
162
164
166
170
172
178
182
184
186
190
192
194
196
198
200
202
204
206
208
210
212
214
216
218
220
222
224
226
228
232
234
236
238
240
242
244
246
248
250
254
256
258
260
262
264
266
268
270
272
274
276
278
280
284
288
290
292
294
296
298
300
302
304
306
308
310
314
316
318
320
324
326
328
330
332
334
336
338
340
342
344
346
348
350
352
354
356
358
360
362
364
366
370
372
374
376
382
384
386
390
392
394
396
398
400
402
404
406
408
410
412
414
416
422
424
426
428
430
432
434
436
440
442
444
446
448
450
452
454
456
458
460
462
466
468
470
472
474
476
478
480
482
484
486
490
492
496
498
502
504
508
510
512
516
518
520
522
524
528
530
532
534
538
542
544
546
548
552
554
556
562
564
566
568
570
572
574
576
578
580









