208
103
105
107
109
111
113
115
117
119
121
125
129
131
133
135
137
139
141
143
145
147
149
151
153
155
157
159
161
163
165
167
171
173
179
183
185
187
191
193
195
197
199
201
203
205
207
209
211
213
215
217
219
221
223
225
227
229
233
235
237
239
241
243
245
247
249
251
255
257
259
261
263
265
267
269
271
273
275
277
279
281
285
289
291
293
295
297
299
301
303
305
307
309
311
315
317
319
321
325
327
329
331
333
335
337
339
341
343
345
347
349
351
353
355
357
359
361
363
365
367
371
373
375
377
383
385
387
391
393
395
397
399
401
403
405
407
409
411
413
415
417
423
425
427
429
431
433
435
437
441
443
445
447
449
451
453
455
457
459
461
463
467
469
471
473
475
477
479
481
483
485
487
491
493
497
499
503
505
509
511
513
517
519
521
523
525
529
531
533
535
539
543
545
547
549
553
555
557
563
565
567
569
571
573
575
577
579
581










